# This file may be used to create an environment using:
# $ conda create --name <env> --file <this file>
# platform: win-64
ca-certificates=2021.5.30=h5b45459_0
intel-openmp=2021.3.0=h57928b3_3372
libblas=3.9.0=11_win64_mkl
libcblas=3.9.0=11_win64_mkl
liblapack=3.9.0=11_win64_mkl
mkl=2021.3.0=hb70f87d_564
numpy=1.21.2=py38h089cfbf_0
openssl=3.0.0=h8ffe710_1
pandas=1.3.3=py38h5d928e2_0
pip=21.2.4=pyhd8ed1ab_0
python=3.8.12=h900ac77_1_cpython
python-dateutil=2.8.2=pyhd8ed1ab_0
python_abi=3.8=2_cp38
pytz=2021.1=pyhd8ed1ab_0
setuptools=58.0.4=py38haa244fe_2
six=1.16.0=pyh6c4a22f_0
sqlite=3.36.0=h8ffe710_2
tbb=2021.3.0=h2d74725_0
ucrt=10.0.20348.0=h57928b3_0
vc=14.2=hb210afc_5
vs2015_runtime=14.29.30037=h902a5da_5
wheel=0.37.0=pyhd8ed1ab_1
xlsxwriter=3.0.1=pyhd8ed1ab_0
